3221
38156
40487
10142
59505
29160
31235
890
38302
3111
9996
40597
29050
59395
1000
31345
40487
10142
3221
38156
31235
890
59505
29160
49739
19394
21725
56660
58991
28646
59505
29160
47554
12363
56806
21615
29050
59395
65129
34784
27899
62834
55949
25348
18463
53654
17953
53144
27134
57479
64364
29429
36314
1123
8008
38609
8518
39119
29855
64790
1549
36740
20603
55794
58089
27488
11351
46542
40820
5885
3334
33935
31568
62169
59874
24683
22316
52917
45597
15252
8367
43302
55033
24432
17547
52482
27349
62284
7602
37947
44832
9897
63958
28767
35652
717
54634
19699
2227
37162
39457
9112
11479
46414
48709
18364
20731
55666
45832
10897
8602
38947
55084
20149
17854
48199
64336
29401
26996
57597
64262
29327
36176
1241
8162
38507
8492
39093
65183
34582
27661
62852
55931
25586
18665
53600
18007
53198
40958
5767
3436
34037
31706
62051
59720
24785
22342
52943
29801
64992
1787
36722
20621
55556
57887
27542
11297
46488
7432
38033
44954
9763
63788
28853
35774
583
54608
19673
45747
15146
8225
43416
54999
24398
17477
52668
27387
62322
46002
10811
8480
39081
55254
20063
17732
48333
64362
29427
2077
37268
39599
8998
11513
46448
48779
18178
20693
55628
29855
64790
1549
36740
20603
55794
58089
27488
11351
46542
40820
5885
3334
33935
31568
62169
59874
24683
22316
52917
65129
34784
27899
62834
55949
25348
18463
53654
17953
53144
27134
57479
64364
29429
36314
1123
8008
38609
8518
39119
2227
37162
39457
9112
11479
46414
48709
18364
20731
55666
45832
10897
8602
38947
55084
20149
17854
48199
64336
29401
45597
15252
8367
43302
55033
24432
17547
52482
27349
62284
7602
37947
44832
9897
63958
28767
35652
717
54634
19699
49259
18914
21209
56144
58511
27910
30461
65396
30755
410
27584
57929
55634
20699
36836
1645
64886
29951
9080
39425
46593
16248
9363
44298
37413
7068
183
35118
28233
63424
438
30783
37668
2733
9618
39963
46848
11913
18798
49399
3127
38318
40613
10012
59411
29066
31361
1016
21631
56822
14092
44693
42398
7207
5096
35441
33146
63491
32596
63197
45597
15252
8367
43302
55033
24432
17547
52482
27349
62284
7602
37947
44832
9897
63958
28767
35652
717
54634
19699
13760
44105
51026
16091
4580
34925
41846
6911
32120
62465
19051
54242
47321
16720
28303
63238
56573
25972
37411
7066
268
30869
37790
2599
9704
40049
46970
11779
18772
49373
46647
16302
9381
44316
37395
7050
129
35320
28287
63478
7432
38033
44954
9763
63788
28853
35774
583
54608
19673
45747
15146
8225
43416
54999
24398
17477
52668
27387
62322